234,453,327,476
234,535,421,551
234,710,304,721
234,64,561,85
234,248,585,272
398,719,515,734
234,947,398,962
234,602,444,619
234,905,538,928
561,479,632,500
234,290,491,317
234,555,421,575
234,966,327,979
70,722,210,853
234,153,374,168
234,877,468,893
234,34,515,65
234,212,561,247
234,106,468,126
234,812,444,830
163,590,351,612
117,876,187,930
234,394,655,410
234,479,421,499
491,192,655,213
678,588,725,617
210,756,515,773
210,808,304,822
210,900,351,914
210,779,515,793
210,844,561,870
