236,448,330,475
567,478,637,504
236,908,543,925
236,546,425,565
236,151,401,169
236,213,567,247
236,568,378,589
236,289,496,313
236,940,401,965
236,873,472,889
236,481,425,501
236,533,425,549
236,928,378,944
236,843,543,863
236,105,472,124
70,725,212,847
236,852,283,866
141,876,212,960
236,64,567,84
212,594,425,623
236,393,637,409
236,965,354,979
236,32,519,62
165,588,212,615
496,184,661,208
685,579,732,631
236,248,590,270
212,807,472,830
212,756,519,772
212,713,519,735
212,772,519,795
