233,835,420,852
233,289,397,307
233,76,444,123
233,818,420,835
584,687,654,710
233,123,561,147
233,207,678,221
233,585,350,602
233,530,561,551
233,621,654,635
233,266,304,284
304,642,561,656
304,575,350,591
140,578,187,606
701,371,748,422
701,783,748,830
140,369,187,382
397,408,584,426
280,776,608,795
514,83,654,100
93,491,140,563
233,569,304,588
304,230,584,243
140,342,514,372
116,368,584,391
233,183,350,204
210,421,584,445
116,399,397,423
233,741,631,759
561,273,654,299
210,696,397,712
210,328,350,350
233,169,350,192
210,438,467,457
210,673,327,696
210,485,654,530
