235,716,329,728
235,536,446,556
235,904,352,917
235,457,329,480
235,813,305,825
235,849,564,873
235,606,446,623
376,723,517,737
235,782,517,799
235,882,470,897
235,909,540,931
235,950,399,966
235,64,564,90
70,726,211,852
235,965,376,986
235,559,423,576
517,197,658,215
235,39,517,71
564,482,635,503
235,251,611,276
235,816,446,834
258,297,493,319
141,885,211,931
235,395,658,413
164,593,352,616
235,215,540,253
235,486,423,502
235,109,446,129
141,882,188,969
235,155,399,171
211,760,517,778
