548,303,628,321
548,118,789,145
548,244,802,258
548,86,789,114
548,198,735,224
548,20,695,37
441,316,521,331
173,23,294,34
548,150,735,176
173,285,280,298
548,272,802,285
173,316,214,330
173,37,254,49
173,67,521,79
548,257,762,269
454,50,521,64
173,86,508,98
173,48,454,64
722,312,815,324
548,325,642,343
173,298,307,312
173,102,254,114
548,283,668,298
173,247,361,260
160,175,521,190
160,119,521,135
147,231,521,243
147,270,294,284
147,210,321,222
147,193,494,210
147,157,347,170
147,137,387,150
