91,310,293,336
91,162,293,187
91,216,404,242
367,705,643,722
91,241,404,262
367,547,496,569
367,767,496,786
367,509,643,525
551,817,679,843
367,686,643,702
367,747,643,764
367,528,514,545
459,125,496,141
367,784,496,801
183,539,257,555
367,728,643,745
36,503,275,519
367,490,643,505
385,621,477,637
36,12,459,46
385,607,477,623
36,551,257,567
91,285,293,306
36,43,624,74
36,111,404,165
36,739,238,757
36,720,238,737
36,515,257,532
36,614,220,629
367,862,477,886
36,678,257,699
367,563,624,591
36,486,220,502
36,530,183,547
36,694,202,716
36,632,275,648
36,564,238,587
36,657,257,680
606,798,679,815
367,579,624,605
367,664,514,683
91,645,257,667
532,13,679,33
440,160,496,175
367,641,496,663
