233,452,327,475
233,534,420,552
233,709,304,721
374,533,420,546
233,875,467,893
233,63,561,85
233,964,327,979
233,152,374,168
233,946,397,961
233,248,584,272
233,560,327,573
233,210,561,246
233,602,444,618
327,554,397,568
561,478,631,498
233,290,491,313
233,903,537,926
233,106,467,125
233,32,514,63
70,708,210,852
116,875,210,927
233,812,444,829
304,805,350,816
233,479,397,498
233,393,654,409
163,589,350,612
210,755,514,771
491,191,654,213
210,778,514,793
0,821,46,866
210,806,350,821
210,844,561,868
210,898,350,913
