233,835,420,852
233,817,397,834
233,75,444,123
233,564,350,590
233,265,304,284
233,122,561,146
233,529,561,550
233,206,654,221
233,620,654,634
140,583,350,606
420,408,584,426
701,362,748,426
304,642,584,655
280,774,608,795
514,82,654,100
233,153,350,170
701,793,748,819
467,351,514,364
116,368,584,391
116,398,420,419
210,416,584,447
140,353,350,374
304,230,584,243
233,742,631,759
116,352,350,376
210,285,420,307
210,330,514,359
187,367,584,392
561,686,654,710
561,272,654,300
210,673,327,697
210,695,397,711
210,484,654,529
210,438,444,456
233,170,350,193
