337,653,400,668
358,599,400,616
589,185,674,206
147,510,189,555
800,226,863,240
252,375,421,394
568,53,674,70
273,224,589,238
252,644,337,657
568,414,674,429
252,658,337,670
421,491,505,522
252,587,358,605
273,717,337,726
273,91,653,122
252,184,421,202
421,131,505,161
758,15,863,26
252,289,526,306
252,284,337,296
252,701,337,715
252,53,316,68
273,449,653,485
252,608,379,620
252,340,610,362
252,312,526,326
231,543,442,564
252,747,337,760
105,438,210,542
252,673,337,684
568,545,674,567
