340,468,486,489
486,881,632,909
535,249,608,274
316,831,413,853
656,8,851,28
145,677,194,749
389,164,510,200
389,648,510,683
243,804,656,830
486,829,656,845
243,482,364,497
413,131,510,155
486,851,608,877
656,42,826,65
316,859,389,880
243,460,340,477
291,572,389,596
243,336,608,356
291,608,608,646
656,22,826,42
243,727,656,748
243,421,486,441
243,91,656,111
243,399,608,417
243,445,486,463
291,201,608,233
705,4,851,32
413,693,486,718
243,374,583,391
243,283,413,307
656,71,826,91
243,893,535,908
486,539,656,565
