235,453,329,477
235,810,470,828
235,905,541,927
235,538,423,554
259,567,400,579
565,481,635,501
329,959,376,972
235,715,518,734
329,559,423,571
235,152,400,169
235,876,470,893
235,752,518,769
235,214,565,245
235,941,400,962
235,744,306,755
235,842,565,861
235,919,400,934
235,64,565,86
70,722,211,861
235,777,518,791
235,484,423,501
235,963,329,980
235,834,306,849
235,605,447,620
141,872,211,956
235,33,541,65
235,107,470,126
235,249,588,272
164,590,329,614
235,293,494,314
682,581,729,631
235,396,659,411
494,191,659,214
