565,311,667,330
40,524,80,547
565,594,646,611
565,292,646,309
565,574,646,591
565,480,646,496
485,639,545,650
545,326,646,337
161,571,323,588
161,695,525,709
161,398,262,424
161,665,525,687
161,383,303,397
161,522,606,559
303,178,525,188
161,640,525,658
161,371,363,388
161,344,384,363
161,439,242,455
161,291,323,306
161,298,424,324
161,581,424,607
848,500,929,583
161,200,282,227
161,482,282,508
545,198,667,214
161,240,606,278
485,440,586,456
161,320,464,343
161,605,384,620
