233,836,420,852
233,289,397,307
233,819,420,836
233,76,444,123
584,687,654,709
233,123,561,147
304,575,350,592
233,584,350,601
233,208,678,222
233,621,654,635
233,266,304,284
304,642,561,656
233,530,561,551
140,578,187,605
701,372,748,422
93,494,163,579
701,783,748,830
233,568,304,586
397,408,584,426
233,183,327,199
280,776,608,795
514,83,654,100
210,422,584,445
233,153,350,169
304,230,584,243
140,342,514,373
116,369,584,391
116,396,327,423
233,169,350,190
116,341,514,375
233,741,631,760
561,273,654,299
210,696,397,712
210,328,350,350
210,673,327,695
210,438,467,457
210,485,654,530
