233,451,327,474
233,533,420,551
233,709,327,723
257,564,397,575
233,150,374,168
233,211,561,244
233,844,561,868
561,478,631,498
327,555,420,568
327,716,514,729
233,876,467,891
233,965,350,979
233,944,397,960
233,601,444,616
233,904,537,925
140,914,187,978
163,589,350,611
327,813,444,825
70,713,210,867
140,880,187,927
233,63,561,83
233,32,514,62
233,820,327,832
233,481,420,498
233,105,467,125
233,247,584,270
233,290,491,312
491,189,654,213
233,393,654,408
678,578,724,627
210,805,350,817
210,775,491,789
210,755,491,769
210,899,374,912
