233,835,420,852
233,817,397,834
233,75,444,123
233,122,561,147
233,265,304,284
233,583,350,601
140,579,187,605
233,206,654,221
233,620,654,635
233,565,350,589
701,362,748,426
514,82,654,100
280,774,608,795
304,642,584,655
701,793,748,819
140,397,584,426
233,153,350,170
257,187,327,201
467,351,514,364
210,416,584,447
116,368,163,380
304,230,584,243
140,353,350,374
233,742,631,759
210,285,420,307
116,368,584,391
210,330,514,359
163,351,350,376
187,367,584,392
233,171,350,192
561,686,654,710
70,489,163,576
561,272,654,300
210,673,327,697
210,484,654,529
210,695,397,711
163,528,561,551
210,438,444,456
