233,451,327,474
233,533,420,551
233,898,350,912
233,805,350,818
233,710,514,731
233,150,374,168
233,844,561,868
233,212,561,244
327,555,420,568
233,876,467,891
163,865,210,934
561,478,631,498
233,965,350,981
233,944,397,960
233,602,444,616
233,563,397,575
233,903,537,926
70,716,210,853
233,812,467,830
233,480,420,497
233,32,514,62
233,63,561,83
233,105,467,124
140,914,187,978
233,289,514,312
116,875,163,925
233,247,584,270
233,393,654,408
491,189,654,213
678,578,724,626
210,588,350,603
210,755,491,769
210,777,514,789
